     0/299     7.41G   0.05978   0.01318   0.01521   0.08817        34       640   0.07801    0.1927   0.05739    0.0105   0.07329   0.01351   0.01254
     1/299     7.39G   0.05561    0.0118   0.01382   0.08123        27       640    0.5598    0.4282    0.4411    0.2056   0.06266   0.01378   0.01127
     2/299     7.39G   0.04829   0.01067   0.01134    0.0703        21       640  0.001288    0.2699 0.0003861 6.391e-05   0.09164     7.947     0.224
     3/299     7.39G    0.0438   0.01042  0.009632   0.06385        33       640    0.7944      0.54    0.6469    0.4018   0.05223   0.01255  0.008487
     4/299     7.39G   0.03967   0.01015   0.00844   0.05826        16       640    0.8178    0.6002    0.7185     0.459   0.04787   0.01159  0.007667
     5/299     7.39G   0.03741  0.009648  0.007775   0.05483        25       640    0.7747    0.6922    0.7929    0.5179   0.04057   0.01131   0.00749
     6/299     7.39G   0.03645  0.009516  0.007406   0.05337        24       640    0.7663    0.7453    0.8215    0.5513   0.03839    0.0108   0.00701
     7/299     7.39G   0.03423  0.009235  0.006883   0.05034        30       640    0.8057    0.6778    0.7879    0.5408   0.04168     0.011  0.007571
     8/299     7.39G   0.03388  0.009121  0.006793   0.04979        23       640    0.8253    0.6956    0.8245     0.573   0.04074   0.01059  0.007297
     9/299     7.39G    0.0329  0.009028  0.006224   0.04815        27       640    0.8196     0.707    0.8259    0.5903   0.03823   0.01026   0.00739
    10/299     7.39G   0.03284  0.008823  0.006133    0.0478        13       640    0.7604    0.7874    0.8492    0.6109   0.03662   0.01027  0.007262
    11/299     7.39G   0.03174  0.008778  0.005714   0.04623        38       640    0.7974    0.7965    0.8711    0.6252   0.03502  0.009764  0.006389
    12/299     7.39G   0.03204  0.008396  0.005921   0.04635        13       640    0.7914    0.8008     0.871    0.6354   0.03513  0.009896  0.006278
    13/299     7.39G   0.03089  0.008448  0.005613   0.04495        21       640    0.8126    0.8147    0.8881    0.6558   0.03257  0.009954  0.006733
    14/299     7.39G   0.03026  0.008192  0.005369   0.04382        28       640    0.8098    0.8314    0.8915    0.6685   0.03304  0.009594  0.006542
    15/299     7.39G   0.03016  0.008367  0.005532   0.04406        24       640    0.7838    0.8436    0.8851    0.6688   0.03382  0.009774  0.006723
    16/299     7.39G   0.02913  0.008119  0.005032   0.04228        32       640     0.796    0.8374     0.892    0.6855   0.03346  0.009541  0.006535
    17/299     7.39G   0.02897  0.007909  0.005089   0.04197        21       640    0.8356    0.8355    0.9042    0.6927   0.03277  0.009538  0.006065
    18/299     7.39G   0.02862  0.007952  0.004742   0.04131        23       640    0.8399    0.8375     0.908    0.7056   0.03117  0.009364  0.006321
    19/299     7.39G   0.02804  0.007977  0.004829   0.04084        23       640    0.8292    0.8444    0.9082    0.7085   0.03168  0.009233  0.006248
    20/299     7.39G   0.02776  0.007905  0.004617   0.04028        25       640      0.84    0.8422    0.9088    0.7111   0.03084  0.009535  0.006011
    21/299     7.39G   0.02709  0.007815  0.004577   0.03949        18       640    0.8474    0.8542    0.9209    0.7288   0.03035  0.009136  0.006125
    22/299     7.39G   0.02714   0.00776  0.004628   0.03953        24       640    0.8529    0.8517    0.9239    0.7296   0.02996  0.009135   0.00658
    23/299     7.39G   0.02672  0.007797  0.004491   0.03901        15       640     0.863    0.8529    0.9224    0.7393   0.02976  0.009356  0.006433
    24/299     7.39G   0.02653   0.00772   0.00453   0.03878        20       640    0.8584    0.8661    0.9264    0.7445   0.02999  0.009238  0.006148
    25/299     7.39G   0.02654  0.007562  0.004469   0.03857        18       640    0.8604    0.8691    0.9326    0.7534   0.02841  0.009264   0.00589
    26/299     7.39G   0.02575  0.007593  0.004212   0.03756        16       640    0.8774    0.8547    0.9328    0.7539   0.02857  0.009072  0.005734
    27/299     7.39G   0.02623  0.007585    0.0045   0.03831        24       640     0.881    0.8658    0.9383     0.766   0.02744  0.009376  0.006107
    28/299     7.39G   0.02538  0.007494   0.00411   0.03698        23       640      0.88    0.8572    0.9369    0.7652   0.02737  0.009048  0.006355
    29/299     7.39G   0.02563  0.007396  0.004419   0.03745        22       640    0.8452    0.9035    0.9394    0.7708   0.02762  0.009017  0.006153
    30/299     7.39G   0.02536   0.00738  0.004152   0.03689        23       640    0.8573    0.8916    0.9386    0.7739   0.02739  0.009108  0.006427
    31/299     7.39G   0.02461  0.007226  0.004007   0.03584        18       640    0.8848    0.8671    0.9432    0.7826   0.02697  0.009159  0.005968
    32/299     7.39G   0.02547  0.007352  0.004016   0.03684        28       640    0.8707    0.8843    0.9415    0.7794   0.02622  0.009133  0.005633
    33/299     7.39G   0.02481  0.007247  0.003904   0.03596        13       640    0.8746    0.8777    0.9429    0.7803   0.02636  0.009029  0.005518
    34/299     7.39G   0.02446  0.007182  0.003892   0.03553        17       640    0.8814    0.8841     0.945    0.7914   0.02533   0.00914  0.005956
    35/299     7.39G   0.02411  0.007129  0.003835   0.03508        27       640    0.8864    0.8743    0.9469    0.7934   0.02523  0.009089  0.004807
    36/299     7.39G   0.02412  0.007158  0.003866   0.03515        29       640    0.8967    0.8724    0.9483    0.7947   0.02578  0.009094  0.005098
    37/299     7.39G    0.0239  0.007122   0.00382   0.03484        33       640    0.8814    0.8864    0.9482    0.7985    0.0249  0.009198  0.005347
    38/299     7.39G   0.02378   0.00719  0.003854   0.03482        30       640    0.8687    0.9023    0.9502    0.8027   0.02439  0.009137  0.005455
    39/299     7.39G   0.02331  0.006977  0.003599   0.03389        41       640    0.8965    0.8722    0.9493     0.805    0.0249  0.009012  0.005282
    40/299     7.39G   0.02364  0.007142  0.003742   0.03453        21       640    0.8901    0.8924    0.9514    0.8071    0.0252  0.008935  0.005105
    41/299     7.39G   0.02293  0.007065  0.003586   0.03358        25       640    0.9016    0.8845    0.9557     0.813   0.02461  0.009065   0.00517
    42/299     7.39G    0.0235  0.006945  0.003617   0.03407        30       640    0.8873    0.8903    0.9542    0.8105   0.02468  0.009064  0.004833
    43/299     7.39G    0.0234  0.007026  0.003617   0.03404        25       640    0.8982    0.8943     0.956    0.8174   0.02454  0.009071   0.00512
    44/299     7.39G   0.02322  0.006904  0.003499   0.03362        20       640    0.8942    0.9001    0.9574    0.8161   0.02498  0.008993   0.00512
    45/299     7.39G   0.02263  0.006921  0.003667   0.03322        26       640    0.9012    0.8902    0.9579    0.8193   0.02439  0.008958  0.005221
    46/299     7.39G   0.02301  0.006898  0.003633   0.03354        19       640    0.8989    0.8932    0.9572    0.8209   0.02458   0.00898  0.004914
    47/299     7.39G   0.02255  0.006919  0.003479   0.03295        33       640    0.8912    0.9036    0.9582    0.8219   0.02382  0.009106  0.004998
    48/299     7.39G   0.02256  0.006875  0.003625   0.03306        28       640    0.9178    0.8787    0.9597    0.8254   0.02363  0.009024  0.005011
    49/299     7.39G   0.02295    0.0067   0.00367   0.03332        25       640    0.9102    0.8924    0.9602    0.8292   0.02331  0.009029  0.004817
    50/299     7.39G   0.02216  0.006727  0.003477   0.03237        21       640    0.9094    0.8956    0.9627    0.8317   0.02334  0.009094  0.004625
    51/299     7.39G   0.02225  0.006837  0.003573   0.03266        28       640    0.8971    0.9037     0.962    0.8322   0.02335  0.009063  0.004688
    52/299     7.39G   0.02184  0.006674  0.003355   0.03187        16       640     0.889    0.9161    0.9629    0.8338   0.02348  0.009166  0.004725
    53/299     7.39G   0.02203  0.006735  0.003445   0.03221        23       640    0.8819    0.9167    0.9618    0.8339   0.02353  0.009174  0.004848
    54/299     7.39G   0.02215   0.00673  0.003638   0.03251        27       640    0.8964    0.9082    0.9631    0.8361   0.02378  0.009037  0.004898
    55/299     7.39G   0.02176  0.006712  0.003535   0.03201        28       640     0.881    0.9209    0.9618    0.8382   0.02339  0.009037  0.004719
    56/299     7.39G   0.02192  0.006596   0.00343   0.03195        22       640    0.8792      0.92    0.9619    0.8381   0.02346  0.009098  0.004693
    57/299     7.39G   0.02182  0.006581  0.003242   0.03164        29       640    0.9114    0.8963    0.9641     0.839   0.02356  0.009086  0.004682
    58/299     7.39G   0.02193  0.006659  0.003258   0.03184        14       640    0.9061    0.9032    0.9634    0.8437   0.02345  0.009131   0.00487
    59/299     7.39G   0.02159  0.006567  0.003233   0.03139        29       640    0.9082    0.9017    0.9644    0.8456   0.02306  0.009116  0.004921
    60/299     7.39G   0.02165  0.006601  0.003583   0.03183        19       640    0.9214    0.8933    0.9651    0.8468   0.02295  0.009107  0.004957
    61/299     7.39G   0.02111  0.006577  0.003376   0.03106        14       640    0.9169    0.8979    0.9656    0.8473   0.02257  0.009122  0.004968
    62/299     7.39G   0.02156  0.006515  0.003228   0.03131        16       640    0.8977    0.9167    0.9654    0.8463   0.02269  0.009139  0.004891
    63/299     7.39G   0.02175  0.006627  0.003284   0.03166        30       640    0.8979    0.9195    0.9666    0.8486    0.0224  0.009148  0.004882
    64/299     7.39G    0.0212   0.00647   0.00324   0.03091        30       640    0.9171    0.9042    0.9663    0.8503   0.02234  0.009141  0.004768
    65/299     7.39G   0.02107  0.006504  0.003115   0.03069        28       640    0.9069     0.912    0.9663    0.8509   0.02238  0.009131  0.004809
    66/299     7.39G   0.02105  0.006497  0.003131   0.03068        29       640    0.9035    0.9164    0.9665    0.8526   0.02221  0.009121  0.004865
    67/299     7.39G    0.0211  0.006552  0.003146    0.0308        25       640    0.9044    0.9192    0.9663    0.8528   0.02202  0.009158  0.004739
    68/299     7.39G   0.02111  0.006533  0.003208   0.03085        41       640    0.9219    0.8987    0.9661    0.8527   0.02204  0.009176  0.004733
    69/299     7.39G    0.0206  0.006496  0.003216   0.03031        23       640    0.9199    0.9021    0.9654    0.8533   0.02213  0.009154  0.004766
    70/299     7.39G   0.02092  0.006464  0.003079   0.03046        28       640    0.9189    0.9029     0.966    0.8539   0.02191  0.009191  0.004738
    71/299     7.39G   0.02075  0.006489  0.003075   0.03031        30       640    0.9175    0.9044     0.967    0.8539   0.02177  0.009202  0.004709
    72/299     7.39G   0.02121   0.00643  0.003079   0.03072        19       640    0.8981    0.9226    0.9667    0.8539   0.02164  0.009248   0.00468
    73/299     7.39G   0.02081  0.006399  0.003156   0.03036        39       640    0.8918     0.929    0.9669    0.8539   0.02146  0.009276  0.004641
    74/299     7.39G   0.02079  0.006363  0.003337   0.03049        22       640    0.8919    0.9304    0.9674    0.8556   0.02141  0.009292  0.004609
    75/299     7.39G   0.02062  0.006431  0.003274   0.03032        37       640    0.9051    0.9152    0.9675    0.8573   0.02127  0.009299    0.0046
    76/299     7.39G   0.02052  0.006439  0.003127   0.03009        37       640    0.9051    0.9158    0.9678    0.8578   0.02114  0.009307   0.00464
    77/299     7.39G   0.02075   0.00644  0.003102   0.03029        15       640    0.9182    0.9012     0.968     0.859   0.02105  0.009289  0.004702
    78/299     7.39G   0.02058  0.006441  0.003195   0.03021        16       640    0.9074    0.9132     0.968    0.8593   0.02108  0.009292  0.004736
    79/299     7.39G   0.02081  0.006258  0.003093   0.03016        16       640    0.9142    0.9058    0.9682    0.8602   0.02106  0.009287  0.004703
    80/299     7.39G   0.02012  0.006295  0.003047   0.02946        28       640    0.9129    0.9077    0.9683    0.8602   0.02093  0.009305  0.004671
    81/299     7.39G    0.0197  0.006184   0.00308   0.02896        23       640     0.904    0.9195    0.9683    0.8607    0.0209  0.009305  0.004654
    82/299     7.39G   0.02026  0.006342  0.003231   0.02984        24       640    0.9103    0.9145    0.9685    0.8622   0.02082  0.009307  0.004647
    83/299     7.39G   0.01982  0.006324  0.003182   0.02933        12       640     0.908    0.9144    0.9687    0.8629    0.0208  0.009322  0.004667
    84/299     7.39G   0.02013  0.006265   0.00309   0.02948        19       640    0.8967    0.9262     0.969     0.864   0.02078  0.009322  0.004699
    85/299     7.39G   0.02045  0.006383  0.003053   0.02988        24       640    0.9054    0.9172    0.9692    0.8644   0.02076  0.009328  0.004682
    86/299     7.39G   0.01984   0.00626  0.002986   0.02909        22       640    0.9035     0.921    0.9693    0.8652   0.02079  0.009327  0.004664
    87/299     7.39G   0.01989  0.006176  0.002911   0.02898        38       640    0.9061    0.9206    0.9696    0.8654   0.02078  0.009326  0.004664
    88/299     7.39G   0.02003  0.006318  0.003022   0.02937        34       640    0.9058    0.9201    0.9698    0.8654   0.02077  0.009323  0.004668
    89/299     7.39G   0.02015  0.006273  0.003136   0.02956        34       640     0.907    0.9201      0.97    0.8649   0.02079  0.009329  0.004673
    90/299     7.39G   0.01981   0.00624  0.002951     0.029        19       640    0.9057    0.9214      0.97    0.8651   0.02079  0.009338   0.00467
    91/299     7.39G   0.01955  0.006224   0.00302   0.02879        19       640    0.9026     0.923      0.97    0.8657   0.02081  0.009341  0.004674
    92/299     7.39G   0.01987  0.006195  0.002796   0.02886        35       640    0.9027    0.9234    0.9702    0.8661   0.02081  0.009345  0.004673
    93/299     7.39G   0.01995  0.006232  0.002996   0.02918        20       640    0.9023    0.9243    0.9705    0.8662   0.02077  0.009353  0.004672
    94/299     7.39G   0.01937  0.006123  0.002898   0.02839        24       640    0.9058    0.9219    0.9705    0.8673   0.02073  0.009361   0.00468
    95/299     7.39G   0.01939  0.006196  0.002959   0.02854        18       640    0.9064    0.9218    0.9706    0.8682   0.02069  0.009361  0.004683
    96/299     7.39G   0.01957  0.006171  0.002942   0.02868        26       640    0.9051    0.9233    0.9707    0.8687   0.02064  0.009363  0.004673
    97/299     7.39G   0.01958  0.006079  0.002971   0.02863        25       640    0.9026    0.9263    0.9706     0.869   0.02062  0.009367  0.004661
    98/299     7.39G   0.01927   0.00616  0.002958   0.02839        16       640    0.9017    0.9271    0.9708    0.8689    0.0206  0.009365  0.004649
    99/299     7.39G   0.01903  0.006095  0.002694   0.02782        35       640    0.9038    0.9256    0.9709    0.8694   0.02059  0.009363  0.004631
   100/299     7.39G   0.01949  0.006152  0.002828   0.02847        21       640     0.907    0.9223     0.971    0.8694   0.02057  0.009363  0.004615
   101/299     7.39G   0.01934  0.006118  0.003042    0.0285        36       640     0.908    0.9214     0.971    0.8698   0.02054  0.009365  0.004612
   102/299     7.39G   0.01921  0.006094  0.002927   0.02824        24       640    0.9078    0.9214    0.9711    0.8696   0.02053  0.009366  0.004601
   103/299     7.39G   0.01928  0.006085  0.002909   0.02828        29       640    0.9071    0.9228    0.9712    0.8701   0.02052   0.00937  0.004586
   104/299     7.39G   0.01896  0.006032  0.002874   0.02787        36       640    0.9074    0.9225    0.9713      0.87   0.02049  0.009373  0.004577
   105/299     7.39G   0.01921   0.00602  0.002797   0.02802        31       640    0.9065     0.923    0.9713    0.8697   0.02046  0.009379  0.004574
   106/299     7.39G   0.01917  0.006037  0.002759   0.02797        17       640    0.9067    0.9235    0.9715     0.871   0.02045  0.009384  0.004565
   107/299     7.39G   0.01878  0.005959  0.002768   0.02751        13       640    0.9067     0.924    0.9716     0.871   0.02044  0.009388  0.004554
   108/299     7.39G   0.01934  0.005963  0.002849   0.02815        17       640    0.9071    0.9241    0.9717    0.8711   0.02043  0.009392  0.004548
   109/299     7.39G   0.01878  0.006052  0.002779   0.02761        19       640    0.9083    0.9234    0.9718    0.8716   0.02043  0.009398  0.004536
   110/299     7.39G   0.01889  0.006011  0.002565   0.02747        21       640       0.9    0.9335    0.9718    0.8722   0.02041  0.009403  0.004524
   111/299     7.39G   0.01872   0.00588  0.002662   0.02726        22       640    0.9017    0.9316    0.9719    0.8722   0.02038  0.009412  0.004514
   112/299     7.39G   0.01908  0.005954  0.002917   0.02795        31       640    0.9022    0.9316    0.9719    0.8724   0.02036  0.009416  0.004508
   113/299     7.39G   0.01865  0.005876  0.002625   0.02715        27       640    0.9009    0.9321    0.9719    0.8727   0.02033  0.009423  0.004503
   114/299     7.39G   0.01842  0.005998  0.002731   0.02715        24       640    0.8973    0.9365    0.9719    0.8727   0.02029  0.009423  0.004493
   115/299     7.39G   0.01898  0.005959  0.002862    0.0278        10       640    0.8998    0.9354     0.972    0.8733   0.02026  0.009424  0.004482
   116/299     7.39G   0.01937  0.005997  0.002882   0.02825        30       640    0.9002    0.9351     0.972    0.8739   0.02024  0.009428  0.004471
   117/299     7.39G    0.0188  0.006079  0.002771   0.02765        30       640    0.8982    0.9381    0.9721    0.8734   0.02022  0.009432  0.004459
   118/299     7.39G    0.0185  0.005987  0.002899   0.02739        31       640    0.8995    0.9368    0.9721    0.8734    0.0202  0.009437  0.004458
   119/299     7.39G   0.01819  0.005846  0.002589   0.02662        27       640    0.9005    0.9363    0.9721    0.8735   0.02019   0.00944  0.004455
   120/299     7.39G    0.0186  0.006012  0.002728   0.02734        36       640    0.9005    0.9374    0.9722    0.8739   0.02017  0.009442  0.004453
   121/299     7.39G   0.01827  0.005969  0.002842   0.02708        20       640    0.9005    0.9379    0.9722    0.8741   0.02014  0.009452  0.004449
   122/299     7.39G   0.01862   0.00593   0.00261   0.02716        26       640    0.9009    0.9372    0.9723     0.874   0.02012  0.009461  0.004443
   123/299     7.39G   0.01843  0.005858  0.002647   0.02694        22       640    0.9003    0.9372    0.9723    0.8738   0.02011  0.009462  0.004437
   124/299     7.39G   0.01816  0.005879  0.002703   0.02674        26       640    0.8997    0.9379    0.9723     0.874   0.02009  0.009467   0.00443
   125/299     7.39G   0.01845  0.005918  0.002804   0.02717        30       640    0.8994    0.9385    0.9724    0.8737   0.02007  0.009474  0.004427
   126/299     7.39G   0.01813   0.00578   0.00258   0.02649        30       640    0.9031     0.934    0.9725    0.8748   0.02006  0.009477   0.00442
   127/299     7.39G    0.0186  0.005958  0.002696   0.02725        26       640    0.9024    0.9358    0.9725    0.8737   0.02004  0.009483  0.004415
   128/299     7.39G   0.01832  0.005764   0.00268   0.02676        18       640    0.9038    0.9337    0.9726    0.8749   0.02002  0.009482  0.004412
   129/299     7.39G   0.01807  0.005827  0.002552   0.02645        25       640    0.9034     0.935    0.9726    0.8747   0.01999  0.009483  0.004407
   130/299     7.39G   0.01837  0.005792  0.002649   0.02681        17       640    0.9042    0.9349    0.9727    0.8753   0.01997  0.009488  0.004405
   131/299     7.39G   0.01804  0.005747  0.002523   0.02631        28       640    0.9035    0.9346    0.9728    0.8758   0.01995  0.009489  0.004403
   132/299     7.39G   0.01827  0.005735  0.002671   0.02667        24       640    0.9049    0.9343    0.9729    0.8758   0.01993  0.009497  0.004399
   133/299     7.39G   0.01788  0.005748  0.002573    0.0262        25       640    0.9045    0.9349    0.9728    0.8756   0.01991  0.009503  0.004395
   134/299     7.39G   0.01782  0.005811  0.002558   0.02619        21       640     0.904    0.9352    0.9729    0.8762    0.0199  0.009507   0.00439
   135/299     7.39G   0.01785  0.005785  0.002566    0.0262        37       640    0.9056    0.9334     0.973    0.8762   0.01989  0.009506  0.004384
   136/299     7.39G   0.01796  0.005771  0.002631   0.02636        33       640    0.9062     0.934    0.9731    0.8764   0.01988  0.009512  0.004376
   137/299     7.39G   0.01758  0.005754  0.002564   0.02589        24       640     0.907    0.9337    0.9732    0.8763   0.01986  0.009515  0.004375
   138/299     7.39G   0.01818  0.005756  0.002517   0.02645        35       640    0.9059    0.9341    0.9731    0.8765   0.01984  0.009514  0.004376
   139/299     7.39G   0.01762  0.005785  0.002572   0.02597        23       640    0.9061    0.9335    0.9732    0.8768   0.01982  0.009516  0.004373
   140/299     7.39G   0.01759  0.005738  0.002577    0.0259        22       640    0.9074     0.933    0.9732    0.8774   0.01981  0.009518   0.00437
   141/299     7.39G   0.01783  0.005572  0.002433   0.02583        27       640    0.9069    0.9329    0.9732     0.878   0.01979   0.00952  0.004366
   142/299     7.39G   0.01728  0.005665  0.002613   0.02556        24       640    0.9068    0.9337    0.9733    0.8782   0.01977  0.009523  0.004365
   143/299     7.39G   0.01745  0.005627  0.002493   0.02557        19       640    0.9069    0.9339    0.9733    0.8785   0.01975  0.009525  0.004359
   144/299     7.39G   0.01725  0.005688  0.002461    0.0254        20       640    0.9064    0.9337    0.9734    0.8778   0.01974  0.009524  0.004357
   145/299     7.39G   0.01771  0.005642  0.002327   0.02568        23       640    0.9078    0.9318    0.9734    0.8781   0.01973  0.009527  0.004353
   146/299     7.39G   0.01761  0.005687  0.002414   0.02571        22       640    0.9075     0.931    0.9734    0.8774   0.01971  0.009531  0.004349
   147/299     7.39G   0.01761  0.005755  0.002369   0.02573        39       640    0.9066     0.932    0.9734    0.8777   0.01969  0.009538  0.004348
   148/299     7.39G   0.01747  0.005707  0.002601   0.02578        34       640    0.9072    0.9319    0.9734    0.8782   0.01967  0.009552  0.004342
   149/299     7.39G   0.01744  0.005647  0.002506   0.02559        17       640    0.9077    0.9319    0.9735    0.8777   0.01965  0.009555  0.004335
   150/299     7.39G    0.0171  0.005552  0.002323   0.02498        17       640    0.9078    0.9316    0.9735     0.878   0.01963   0.00956  0.004332
   151/299     7.39G   0.01729  0.005677  0.002465   0.02543        27       640     0.907    0.9329    0.9735    0.8783   0.01961  0.009567  0.004327
   152/299     7.39G   0.01699  0.005632  0.002331   0.02495        19       640    0.9075    0.9325    0.9736    0.8784   0.01959  0.009572  0.004323
   153/299     7.39G   0.01744  0.005731  0.002415   0.02558        34       640    0.9082    0.9321    0.9736    0.8785   0.01957  0.009577  0.004321
   154/299     7.39G   0.01724  0.005567  0.002391    0.0252        11       640    0.9093    0.9308    0.9737    0.8787   0.01955  0.009585  0.004317
   155/299     7.39G   0.01751  0.005701  0.002353   0.02556        31       640    0.9175    0.9216    0.9736    0.8791   0.01953  0.009595  0.004308
   156/299     7.39G   0.01727  0.005584  0.002454   0.02531        29       640    0.9106    0.9287    0.9736    0.8796    0.0195  0.009599  0.004303
   157/299     7.39G   0.01738  0.005596  0.002525    0.0255        24       640    0.9148    0.9249    0.9736    0.8796   0.01948  0.009605    0.0043
   158/299     7.39G   0.01671  0.005595  0.002287   0.02459        20       640    0.9146    0.9249    0.9737    0.8799   0.01946  0.009613  0.004296
   159/299     7.39G   0.01669  0.005515  0.002283   0.02449        16       640    0.9148     0.925    0.9737    0.8802   0.01944  0.009622  0.004291
   160/299     7.39G   0.01645  0.005481  0.002255   0.02419        23       640    0.9148    0.9249    0.9737    0.8805   0.01942  0.009628  0.004287
   161/299     7.39G   0.01709  0.005612  0.002286   0.02499        24       640    0.9139    0.9254    0.9737    0.8802    0.0194  0.009638  0.004285
   162/299     7.39G   0.01631  0.005442  0.002266   0.02401        21       640    0.9116    0.9276    0.9737    0.8801   0.01938  0.009645  0.004279
   163/299     7.39G   0.01698  0.005528   0.00232   0.02483        19       640    0.9123    0.9277    0.9738    0.8804   0.01936  0.009656  0.004276
   164/299     7.39G   0.01652  0.005523  0.002258    0.0243        28       640    0.9104    0.9293    0.9739     0.881   0.01934  0.009658  0.004268
   165/299     7.39G   0.01692   0.00557  0.002235   0.02473        20       640    0.9094    0.9311    0.9739    0.8812   0.01932  0.009666  0.004262
   166/299     7.39G   0.01657  0.005484  0.002207   0.02426        44       640    0.9108    0.9296     0.974    0.8808   0.01931   0.00967  0.004253
   167/299     7.39G   0.01705  0.005581  0.002396   0.02503        22       640    0.9133    0.9275     0.974    0.8813   0.01929  0.009681  0.004247
   168/299     7.39G   0.01662  0.005508  0.002266   0.02439        19       640     0.914    0.9276    0.9741    0.8819   0.01928  0.009691  0.004239
   169/299     7.39G   0.01709  0.005534  0.002252   0.02487        25       640    0.9142    0.9274    0.9741    0.8819   0.01926  0.009701  0.004236
   170/299     7.39G   0.01671   0.00542  0.002241   0.02437        26       640    0.9146     0.928    0.9742    0.8823   0.01925  0.009714  0.004226
   171/299     7.39G   0.01654  0.005512  0.002242   0.02429        27       640    0.9143    0.9284    0.9741    0.8826   0.01925  0.009722  0.004218
   172/299     7.39G    0.0165  0.005487  0.002334   0.02432        26       640    0.9138    0.9285    0.9741    0.8824   0.01923  0.009727  0.004213
   173/299     7.39G   0.01625  0.005431  0.002216    0.0239        20       640    0.9172    0.9254    0.9742    0.8819   0.01921  0.009733  0.004205
   174/299     7.39G   0.01614  0.005336  0.002314    0.0238        21       640    0.9167    0.9264    0.9743     0.883   0.01919  0.009745  0.004198
   175/299     7.39G    0.0169  0.005464   0.00243    0.0248        25       640    0.9162    0.9271    0.9742    0.8831   0.01917  0.009753  0.004193
   176/299     7.39G   0.01668  0.005422  0.002217   0.02432        22       640    0.9156    0.9271    0.9743    0.8831   0.01915  0.009762  0.004188
   177/299     7.39G   0.01639  0.005341  0.002171    0.0239        25       640    0.9169     0.926    0.9743     0.883   0.01913  0.009768  0.004186
   178/299     7.39G   0.01653   0.00541  0.002164    0.0241        20       640    0.9148    0.9282    0.9743    0.8834    0.0191  0.009777  0.004186
   179/299     7.39G   0.01653  0.005357  0.002232   0.02412        18       640    0.9176    0.9255    0.9744    0.8833   0.01909  0.009785   0.00418
   180/299     7.39G   0.01621  0.005362  0.002235   0.02381        18       640    0.9109    0.9333    0.9745    0.8834   0.01907  0.009793  0.004175
   181/299     7.39G   0.01621  0.005217  0.002149   0.02357        21       640    0.9179    0.9254    0.9745    0.8836   0.01905  0.009805  0.004178
   182/299     7.39G   0.01628  0.005349  0.002153   0.02379        27       640    0.9098    0.9341    0.9746    0.8842   0.01902  0.009816  0.004174
   183/299     7.39G   0.01625  0.005451  0.002218   0.02391        34       640    0.9178     0.926    0.9746    0.8841     0.019  0.009825  0.004172
   184/299     7.39G   0.01596   0.00538  0.002204   0.02354        33       640    0.9089    0.9348    0.9746     0.884   0.01897   0.00983  0.004169
   185/299     7.39G    0.0163  0.005379   0.00229   0.02396        35       640    0.9145    0.9301    0.9748    0.8845   0.01895  0.009844  0.004166
   186/299     7.39G    0.0165  0.005321   0.00216   0.02398        22       640     0.914    0.9312    0.9749    0.8841   0.01893  0.009856  0.004164
   187/299     7.39G   0.01598  0.005367   0.00204   0.02338        31       640    0.9131    0.9321    0.9749    0.8844   0.01891  0.009868  0.004161
   188/299     7.39G   0.01586  0.005276   0.00205   0.02319        24       640    0.9125    0.9332    0.9749    0.8845   0.01889  0.009885  0.004156
   189/299     7.39G   0.01602  0.005281  0.002089   0.02339        27       640    0.9113    0.9341    0.9749     0.885   0.01886  0.009893  0.004152
   190/299     7.39G   0.01567  0.005329  0.001902    0.0229        32       640    0.9122    0.9341     0.975    0.8856   0.01885  0.009902  0.004151
   191/299     7.39G   0.01627  0.005323   0.00223   0.02383        21       640    0.9083    0.9387     0.975    0.8864   0.01883  0.009909  0.004149
   192/299     7.39G   0.01602  0.005362  0.002016   0.02339        30       640    0.9102    0.9372     0.975     0.886   0.01881  0.009919  0.004144
   193/299     7.39G   0.01597  0.005304  0.002067   0.02334        25       640    0.9104    0.9377    0.9751     0.887   0.01879  0.009929  0.004145
   194/299     7.39G   0.01574  0.005267     0.002   0.02301        13       640    0.9099    0.9382    0.9752    0.8872   0.01877  0.009936  0.004145
   195/299     7.39G   0.01636  0.005337  0.002271   0.02397        42       640    0.9093    0.9414    0.9752    0.8874   0.01875  0.009943  0.004142
   196/299     7.39G   0.01602  0.005258  0.002096   0.02338        44       640    0.9092    0.9414    0.9753     0.888   0.01873  0.009952  0.004137
   197/299     7.39G   0.01553  0.005126  0.002006   0.02266        42       640    0.9081    0.9425    0.9753    0.8878   0.01871  0.009963   0.00413
   198/299     7.39G   0.01577  0.005208  0.001968   0.02294        25       640    0.9078    0.9424    0.9753    0.8881   0.01869  0.009974  0.004121
   199/299     7.39G   0.01552  0.005169   0.00206   0.02275        31       640    0.9076    0.9425    0.9754    0.8881   0.01867   0.00998  0.004113
   200/299     7.39G   0.01588  0.005225  0.002004   0.02311        23       640    0.9114    0.9387    0.9754    0.8881   0.01865  0.009983  0.004106
   201/299     7.39G   0.01562  0.005186  0.001929   0.02274        29       640    0.9132     0.937    0.9754    0.8886   0.01863  0.009994  0.004105
   202/299     7.39G   0.01567  0.005222  0.001947   0.02284        16       640     0.915    0.9357    0.9754    0.8886   0.01862      0.01  0.004105
   203/299     7.39G   0.01534  0.005189  0.002054   0.02259        31       640    0.9142    0.9371    0.9754    0.8886    0.0186   0.01001  0.004104
   204/299     7.39G   0.01539  0.005182  0.001928    0.0225        31       640    0.9149    0.9357    0.9754    0.8889   0.01859   0.01002  0.004104
   205/299     7.39G   0.01555   0.00519  0.001944   0.02268        19       640    0.9137    0.9365    0.9755    0.8892   0.01858   0.01003  0.004103
   206/299     7.39G   0.01519  0.005115  0.001822   0.02213        34       640    0.9146    0.9359    0.9755    0.8895   0.01856   0.01004  0.004106
   207/299     7.39G   0.01541  0.005155  0.001919   0.02249        24       640    0.9161     0.935    0.9756    0.8897   0.01854   0.01005   0.00411
   208/299     7.39G    0.0154  0.005158  0.001939    0.0225        24       640    0.9151    0.9355    0.9756    0.8896   0.01853   0.01006  0.004113
   209/299     7.39G   0.01532  0.005258  0.001892   0.02247        24       640    0.9137    0.9358    0.9756    0.8898   0.01851   0.01007  0.004109
   210/299     7.39G   0.01538  0.005052   0.00204   0.02247        20       640    0.9148    0.9354    0.9757    0.8902    0.0185   0.01009  0.004111
   211/299     7.39G   0.01541  0.005029  0.002029   0.02247        30       640    0.9184    0.9319    0.9758    0.8898   0.01848    0.0101  0.004117
   212/299     7.39G   0.01531  0.005088    0.0019    0.0223        24       640    0.9171    0.9343    0.9759      0.89   0.01848   0.01011  0.004124
   213/299     7.39G   0.01495  0.005079  0.001812   0.02184        30       640    0.9296    0.9216     0.976    0.8906   0.01848   0.01012  0.004122
   214/299     7.39G   0.01511  0.005107  0.001903   0.02212        16       640      0.93    0.9218     0.976    0.8902   0.01848   0.01012  0.004121
   215/299     7.39G   0.01542  0.005002  0.001934   0.02235        19       640    0.9185    0.9346    0.9761    0.8907   0.01847   0.01013  0.004116
   216/299     7.39G    0.0149  0.005011  0.001978   0.02189        16       640    0.9298    0.9236    0.9762    0.8905   0.01846   0.01014  0.004109
   217/299     7.39G   0.01492  0.005006  0.001827   0.02176        34       640    0.9298    0.9233    0.9762    0.8908   0.01845   0.01015    0.0041
   218/299     7.39G   0.01512   0.00503  0.001733   0.02188        24       640    0.9298    0.9241    0.9762     0.891   0.01845   0.01016  0.004092
   219/299     7.39G   0.01523  0.005015  0.001807   0.02205        18       640    0.9311    0.9234    0.9763    0.8911   0.01845   0.01016  0.004088
   220/299     7.39G    0.0149  0.004984  0.001815   0.02169        29       640    0.9304    0.9239    0.9763    0.8912   0.01843   0.01017  0.004087
   221/299     7.39G   0.01516  0.004989  0.002041   0.02219        25       640     0.931    0.9238    0.9764    0.8914   0.01842   0.01018  0.004082
   222/299     7.39G   0.01496  0.005072  0.001866    0.0219        21       640    0.9312    0.9237    0.9763    0.8913   0.01842   0.01019  0.004079
   223/299     7.39G   0.01504  0.004939  0.001877   0.02186        19       640    0.9299    0.9249    0.9763    0.8914   0.01841    0.0102  0.004079
   224/299     7.39G   0.01484  0.004946  0.001813   0.02159        28       640    0.9306    0.9251    0.9764    0.8914   0.01839   0.01021  0.004077
   225/299     7.39G   0.01488  0.005066   0.00185    0.0218        21       640    0.9306    0.9254    0.9765    0.8912   0.01838   0.01023   0.00407
   226/299     7.39G    0.0151   0.00498  0.001761   0.02184        30       640     0.933    0.9235    0.9766    0.8909   0.01838   0.01024  0.004063
   227/299     7.39G    0.0148  0.004953  0.001764   0.02152        19       640    0.9293    0.9275    0.9766    0.8909   0.01837   0.01025  0.004058
   228/299     7.39G   0.01442  0.004873  0.001711     0.021        26       640    0.9339    0.9235    0.9767     0.891   0.01836   0.01027  0.004052
   229/299     7.39G   0.01481  0.005004  0.001883    0.0217        44       640     0.934    0.9237    0.9768     0.891   0.01835   0.01028  0.004047
   230/299     7.39G   0.01454  0.004963  0.001863   0.02136        20       640    0.9331    0.9255     0.977    0.8908   0.01834   0.01029  0.004045
   231/299     7.39G   0.01472  0.004979  0.001824   0.02153        32       640    0.9327    0.9268    0.9771    0.8913   0.01833    0.0103  0.004044
   232/299     7.39G   0.01428  0.004929  0.001631   0.02084        18       640    0.9331    0.9271    0.9771     0.891   0.01831   0.01031  0.004035
   233/299     7.39G    0.0148  0.004959  0.001768   0.02153        32       640    0.9328    0.9265    0.9771    0.8912   0.01829   0.01032   0.00403
   234/299     7.39G   0.01469  0.004801  0.001676   0.02116        26       640    0.9344    0.9248    0.9771    0.8916   0.01827   0.01034  0.004023
   235/299     7.39G   0.01472  0.004862  0.001792   0.02138        33       640    0.9335    0.9248     0.977    0.8916   0.01825   0.01035  0.004016
   236/299     7.39G   0.01478  0.004952  0.001711   0.02144        26       640    0.9354    0.9231    0.9771    0.8926   0.01823   0.01037  0.004009
   237/299     7.39G   0.01449  0.004895   0.00157   0.02095        34       640    0.9342    0.9228    0.9769    0.8929   0.01822   0.01038  0.003999
   238/299     7.39G   0.01428  0.004791  0.001549   0.02062        24       640    0.9342    0.9227    0.9769    0.8936   0.01821   0.01039   0.00399
   239/299     7.39G   0.01423  0.004842  0.001745   0.02082        19       640    0.9337    0.9232    0.9769    0.8937    0.0182   0.01041  0.003982
   240/299     7.39G   0.01424  0.004869  0.001642   0.02075        24       640    0.9348    0.9223    0.9769    0.8935   0.01818   0.01042  0.003974
   241/299     7.39G   0.01444  0.004768  0.001702   0.02091        24       640    0.9343    0.9232     0.977    0.8936   0.01817   0.01044  0.003966
   242/299     7.39G   0.01441  0.004858  0.001545   0.02081        22       640     0.934     0.924     0.977     0.894   0.01815   0.01045  0.003958
   243/299     7.39G   0.01442  0.004854  0.001763   0.02104        21       640    0.9341    0.9246     0.977    0.8942   0.01814   0.01046  0.003947
   244/299     7.39G   0.01437  0.004884  0.001649   0.02091        20       640    0.9341    0.9246     0.977    0.8943   0.01813   0.01048   0.00394
   245/299     7.39G   0.01423  0.004834  0.001664   0.02073        32       640     0.934    0.9247     0.977    0.8943   0.01812   0.01049  0.003931
   246/299     7.39G   0.01442  0.004818  0.001525   0.02077        28       640    0.9341    0.9247     0.977    0.8948   0.01811    0.0105  0.003922
   247/299     7.39G   0.01406  0.004734  0.001582   0.02037        21       640    0.9354    0.9242    0.9771    0.8947   0.01809   0.01052  0.003911
   248/299     7.39G    0.0139  0.004737  0.001554   0.02019        17       640    0.9353    0.9242    0.9771     0.895   0.01808   0.01053    0.0039
   249/299     7.39G   0.01416  0.004819  0.001579   0.02056        27       640    0.9351    0.9244    0.9771    0.8951   0.01806   0.01054  0.003892
   250/299     7.39G   0.01412  0.004769  0.001485   0.02038        20       640    0.9367    0.9226    0.9772    0.8953   0.01804   0.01056  0.003886
   251/299     7.39G   0.01405  0.004713  0.001547   0.02031        29       640    0.9369     0.922    0.9772    0.8954   0.01803   0.01057  0.003881
   252/299     7.39G   0.01423  0.004742  0.001587   0.02056        36       640    0.9333    0.9255    0.9772    0.8952   0.01802   0.01059  0.003878
   253/299     7.39G   0.01382  0.004722  0.001533   0.02008        13       640    0.9329    0.9256    0.9771    0.8951     0.018    0.0106  0.003872
   254/299     7.39G    0.0143  0.004889  0.001689   0.02088        22       640    0.9332    0.9256    0.9771    0.8952   0.01798   0.01062  0.003868
   255/299     7.39G    0.0137  0.004704  0.001499    0.0199        21       640    0.9322    0.9264    0.9772    0.8955   0.01796   0.01063  0.003863
   256/299     7.39G    0.0138  0.004758  0.001431   0.01999        15       640    0.9318    0.9266    0.9771    0.8956   0.01795   0.01065  0.003855
   257/299     7.39G   0.01358  0.004711  0.001308    0.0196        40       640    0.9317    0.9271    0.9771    0.8958   0.01792   0.01066  0.003846
   258/299     7.39G   0.01388  0.004709  0.001577   0.02016        22       640    0.9324    0.9268    0.9771     0.896   0.01791   0.01068  0.003842
   259/299     7.39G   0.01382  0.004756  0.001595   0.02017        14       640    0.9312    0.9277    0.9777    0.8963    0.0179   0.01069  0.003843
   260/299     7.39G   0.01389  0.004674  0.001395   0.01996        28       640    0.9327    0.9267    0.9777    0.8963   0.01789   0.01071  0.003843
   261/299     7.39G   0.01372  0.004663  0.001455   0.01984        21       640     0.934     0.926    0.9777    0.8962   0.01787   0.01072  0.003844
   262/299     7.39G   0.01386  0.004702  0.001715   0.02028        18       640    0.9353    0.9249    0.9778    0.8969   0.01786   0.01074  0.003843
   263/299     7.39G   0.01374  0.004686   0.00143   0.01985        12       640    0.9353     0.925    0.9778    0.8973   0.01784   0.01075  0.003839
   264/299     7.39G   0.01382  0.004637  0.001418   0.01987        17       640    0.9354     0.925    0.9778    0.8966   0.01782   0.01077  0.003833
   265/299     7.39G    0.0138   0.00468  0.001607   0.02009        24       640    0.9337    0.9262    0.9777    0.8962   0.01781   0.01078  0.003828
   266/299     7.39G   0.01388   0.00475  0.001501   0.02013        27       640     0.935    0.9245    0.9778    0.8966   0.01779    0.0108  0.003826
   267/299     7.39G    0.0138  0.004647  0.001464   0.01992        27       640    0.9352    0.9244    0.9778    0.8967   0.01777   0.01081  0.003821
   268/299     7.39G   0.01339  0.004633  0.001423   0.01944        25       640    0.9351    0.9245    0.9778    0.8968   0.01776   0.01083  0.003818
   269/299     7.39G    0.0136    0.0047  0.001546   0.01984        20       640    0.9352    0.9244    0.9779    0.8972   0.01775   0.01084  0.003817
   270/299     7.39G   0.01364  0.004658  0.001407   0.01971        15       640     0.934    0.9255    0.9777    0.8972   0.01773   0.01086  0.003816
   271/299     7.39G   0.01361  0.004651  0.001509   0.01977        18       640    0.9158     0.944    0.9777    0.8971   0.01772   0.01087  0.003814
   272/299     7.39G   0.01378  0.004712  0.001431   0.01993        21       640    0.9336    0.9251    0.9778    0.8973   0.01771   0.01088  0.003815
   273/299     7.39G   0.01354  0.004608  0.001556    0.0197        23       640    0.9165    0.9429    0.9778    0.8971   0.01769    0.0109  0.003814
   274/299     7.39G   0.01351  0.004654  0.001515   0.01968        17       640    0.9151    0.9446    0.9778    0.8976   0.01767    0.0109  0.003811
   275/299     7.39G   0.01338  0.004646  0.001476   0.01951        20       640    0.9335    0.9255    0.9777    0.8979   0.01766   0.01092  0.003806
   276/299     7.39G   0.01329  0.004612  0.001282   0.01919        26       640    0.9168    0.9433    0.9777    0.8979   0.01764   0.01094  0.003803
   277/299     7.39G   0.01377  0.004508  0.001404   0.01968        33       640    0.9169    0.9428    0.9778    0.8976   0.01762   0.01095  0.003798
   278/299     7.39G   0.01333  0.004669  0.001397   0.01939        22       640    0.9323    0.9265    0.9778    0.8976   0.01761   0.01096  0.003796
   279/299     7.39G   0.01361  0.004568  0.001332   0.01951        10       640    0.9173    0.9418    0.9778    0.8976   0.01759   0.01097  0.003792
   280/299     7.39G   0.01318  0.004479  0.001454   0.01911        17       640    0.9323    0.9266    0.9778    0.8977   0.01757   0.01099   0.00379
   281/299     7.39G   0.01369  0.004584  0.001441   0.01971        21       640    0.9162     0.943    0.9778     0.898   0.01756     0.011  0.003788
   282/299     7.39G   0.01327  0.004557  0.001332   0.01916        16       640    0.9323    0.9273    0.9778     0.898   0.01754   0.01101  0.003789
   283/299     7.39G   0.01345  0.004553  0.001487   0.01949        15       640    0.9345    0.9251    0.9779    0.8981   0.01753   0.01103  0.003788
   284/299     7.39G   0.01357  0.004522  0.001385   0.01948        28       640     0.924    0.9355    0.9778    0.8978   0.01752   0.01104  0.003784
   285/299     7.39G   0.01346  0.004546  0.001335   0.01934        28       640    0.9241    0.9356    0.9779    0.8978    0.0175   0.01106  0.003783
   286/299     7.39G   0.01337  0.004566    0.0014   0.01934        24       640    0.9241    0.9355    0.9779    0.8978   0.01749   0.01107  0.003782
   287/299     7.39G   0.01353  0.004595  0.001317   0.01945        19       640    0.9241    0.9356    0.9779     0.898   0.01746   0.01109   0.00378
   288/299     7.39G    0.0134  0.004526   0.00131   0.01924        25       640    0.9219    0.9376    0.9779    0.8979   0.01744    0.0111  0.003778
   289/299     7.39G   0.01334  0.004457   0.00138   0.01918        41       640    0.9247    0.9345    0.9779    0.8978   0.01742   0.01111  0.003779
   290/299     7.39G   0.01345  0.004518  0.001281   0.01925        26       640    0.9219    0.9383     0.978    0.8982    0.0174   0.01113  0.003777
   291/299     7.39G   0.01306   0.00454  0.001528   0.01913        21       640    0.9206    0.9399    0.9779    0.8978   0.01739   0.01114  0.003776
   292/299     7.39G   0.01322  0.004483  0.001412   0.01912        21       640    0.9198    0.9406    0.9779    0.8974   0.01738   0.01116  0.003776
   293/299     7.39G   0.01352  0.004513  0.001638   0.01967        30       640    0.9206    0.9408     0.978    0.8974   0.01736   0.01117  0.003776
   294/299     7.39G   0.01343  0.004518  0.001404   0.01936        28       640    0.9209    0.9408     0.978    0.8975   0.01735   0.01118  0.003781
   295/299     7.39G   0.01343  0.004552  0.001316    0.0193        25       640    0.9208    0.9408     0.978    0.8972   0.01734    0.0112  0.003779
   296/299     7.39G   0.01321  0.004522  0.001329   0.01907        24       640    0.9212    0.9399     0.978    0.8975   0.01732   0.01121  0.003776
   297/299     7.39G   0.01328  0.004478  0.001319   0.01908        31       640    0.9222    0.9392    0.9781    0.8972   0.01731   0.01123  0.003771
   298/299     7.39G   0.01326  0.004482  0.001355    0.0191        33       640    0.9231    0.9386    0.9782    0.8977    0.0173   0.01124  0.003766
   299/299     7.39G    0.0129  0.004419  0.001325   0.01865        22       640    0.9246    0.9377    0.9782    0.8976   0.01728   0.01126  0.003762
